2500 2501 1
2470 1999 100000
1985 2043 100000
2135 108 100000
1519 1725 100000
2371 354 100000
2400 1679 100000
2498 873 100000
169 470 100000
1931 1868 100000
403 2189 100000
1005 654 100000
459 1687 100000
10 1032 100000
2079 321 100000
2001 2323 100000
2451 1257 100000
1725 1353 100000
550 548 100000
1693 521 100000
430 1395 100000
1797 565 100000
385 1514 100000
1560 1515 100000
1427 2447 100000
1590 1406 100000
318 1639 100000
1840 2448 100000
70 1501 100000
250 2097 100000
723 1029 100000
18 2351 100000
652 1902 100000
1933 2380 100000
491 817 100000
1894 1778 100000
830 2405 100000
2267 1930 100000
1250 903 100000
30 427 100000
1422 250 100000
2188 717 100000
549 2349 100000
989 414 100000
1612 1802 100000
269 859 100000
1468 2377 100000
1296 977 100000
952 984 100000
2167 1715 100000
1926 336 100000
213 2308 100000
985 360 100000
1897 1404 100000
313 1113 100000
1710 1513 100000
1260 2146 100000
1470 1959 100000
1064 1085 100000
2217 879 100000
116 2052 100000
127 801 100000
928 477 100000
1283 725 100000
833 2407 100000
2249 1372 100000
1864 2211 100000
1378 2273 100000
2401 1989 100000
358 1714 100000
460 888 100000
2373 787 100000
526 757 100000
1586 1479 100000
1962 1347 100000
1198 897 100000
1984 770 100000
438 598 100000
64 2159 100000
527 1833 100000
1838 875 100000
2261 816 100000
2290 1933 100000
1572 1696 100000
1611 406 100000
316 2286 100000
229 244 100000
457 2056 100000
2348 1271 100000
96 1139 100000
515 2081 100000
1023 535 100000
1263 1304 100000
2118 1150 100000
772 1692 100000
2200 1241 100000
1088 2057 100000
2157 1594 100000
2412 1847 100000
1275 30 100000
848 1516 100000
2379 839 100000
449 2204 100000
2326 970 100000
286 942 100000
2138 74 100000
1409 1734 100000
1896 320 100000
2458 230 100000
2442 1138 100000
679 2244 100000
410 238 100000
1315 1178 100000
1800 292 100000
1981 2387 100000
1509 1087 100000
1128 864 100000
1539 1578 100000
1351 435 100000
2172 1442 100000
1579 2213 100000
669 2265 100000
88 1104 100000
1765 1842 100000
2127 232 100000
128 1121 100000
1850 1709 100000
1956 641 100000
325 1554 100000
1778 6 100000
414 300 100000
1458 2218 100000
1454 798 100000
1991 190 100000
569 2063 100000
509 2156 100000
2055 2400 100000
606 1168 100000
268 1219 100000
1252 499 100000
1805 933 100000
1946 1048 100000
2146 1194 100000
1073 70 100000
1451 1355 100000
1916 2099 100000
1874 301 100000
2074 2500 100000
1279 1105 100000
145 212 100000
1282 1427 100000
179 357 100000
2033 1496 100000
188 1152 100000
1310 1389 100000
396 567 100000
1388 602 100000
917 2465 100000
681 160 100000
1855 2451 100000
261 157 100000
178 1758 100000
1048 334 100000
362 1911 100000
983 31 100000
1502 197 100000
2444 751 100000
335 314 100000
1024 2219 100000
1235 469 100000
559 165 100000
609 1753 100000
920 1719 100000
1348 407 100000
751 782 100000
1592 2195 100000
115 2235 100000
1649 1285 100000
1650 1079 100000
1724 1630 100000
514 1031 100000
2368 724 100000
2246 925 100000
710 128 100000
1471 1283 100000
1537 711 100000
1356 2366 100000
210 1634 100000
918 1978 100000
359 2274 100000
1231 1587 100000
2314 2064 100000
223 2346 100000
1355 1593 100000
390 1452 100000
2171 1992 100000
1869 2347 100000
377 2258 100000
1181 1249 100000
2208 2121 100000
190 613 100000
373 1311 100000
73 458 100000
2176 2003 100000
47 19 100000
284 1918 100000
2004 38 100000
326 1945 100000
331 1859 100000
1554 284 100000
1888 1157 100000
1715 1323 100000
2327 1970 100000
437 1314 100000
2359 2144 100000
711 150 100000
1000 2480 100000
727 605 100000
2272 198 100000
712 2040 100000
83 299 100000
259 255 100000
1817 502 100000
793 258 100000
1547 1762 100000
2072 1446 100000
1353 2475 100000
1802 183 100000
1120 1357 100000
1795 430 100000
264 524 100000
1847 832 100000
1839 151 100000
1813 466 100000
322 1850 100000
102 841 100000
2364 2163 100000
1145 166 100000
1863 1126 100000
1256 715 100000
2086 147 100000
909 22 100000
839 1170 100000
667 1584 100000
780 556 100000
191 1561 100000
736 2259 100000
1197 307 100000
986 1392 100000
693 1001 100000
134 803 100000
964 2261 100000
1483 899 100000
337 1829 100000
1753 2423 100000
1003 492 100000
1578 1280 100000
722 1309 100000
2438 387 100000
2130 260 100000
1679 1689 100000
507 46 100000
2269 863 100000
2054 1421 100000
1807 1063 100000
1150 1920 100000
455 122 100000
2424 1448 100000
1804 815 100000
1686 582 100000
3 915 100000
1169 379 100000
204 2483 100000
1562 1338 100000
2084 562 100000
1196 1716 100000
874 1804 100000
2089 445 100000
1630 2328 100000
2353 225 100000
2467 551 100000
1708 366 100000
2356 494 100000
1747 1052 100000
2227 1528 100000
640 2197 100000
1152 127 100000
375 1173 100000
297 1221 100000
841 12 100000
2471 365 100000
1325 827 100000
2226 1229 100000
1945 2150 100000
1084 1118 100000
2390 872 100000
46 1803 100000
1040 2291 100000
494 1900 100000
899 1798 100000
2223 871 100000
1473 1622 100000
1677 885 100000
1428 341 100000
205 775 100000
1369 2169 100000
499 115 100000
1414 1000 100000
809 2279 100000
22 94 100000
398 1814 100000
924 546 100000
1149 579 100000
803 1543 100000
1281 1282 100000
998 1128 100000
1499 1270 100000
1569 102 100000
1480 1281 100000
1951 2367 100000
590 764 100000
1525 1288 100000
2073 2228 100000
1372 179 100000
1663 1343 100000
1392 2454 100000
1402 493 100000
1618 2044 100000
424 1796 100000
1184 691 100000
1137 1349 100000
1935 44 100000
557 338 100000
721 2143 100000
1481 560 100000
1025 408 100000
2205 895 100000
496 585 100000
1729 2086 100000
2151 57 100000
99 1341 100000
2399 2436 100000
415 1252 100000
664 1172 100000
1062 1239 100000
1787 1925 100000
149 87 100000
1440 83 100000
1577 40 100000
275 1202 100000
1868 684 100000
1466 136 100000
763 2355 100000
2369 23 100000
636 1960 100000
1788 1546 100000
1690 1754 100000
2109 685 100000
1442 1781 100000
435 580 100000
2345 1112 100000
607 2363 100000
2012 513 100000
2239 1370 100000
1350 1211 100000
1856 206 100000
1297 1809 100000
1328 606 100000
144 2012 100000
124 1737 100000
2493 663 100000
1522 990 100000
345 1793 100000
799 2397 100000
1955 2330 100000
1030 2392 100000
2180 28 100000
1349 2167 100000
551 2476 100000
1228 2269 100000
1669 1356 100000
1744 1855 100000
1057 328 100000
238 900 100000
1987 736 100000
2026 2061 100000
1233 1484 100000
363 828 100000
1133 1429 100000
473 1383 100000
1654 593 100000
1015 2015 100000
1012 257 100000
243 1747 100000
2499 460 100000
2245 607 100000
1834 1424 100000
429 2411 100000
1417 1932 100000
2148 177 100000
653 67 100000
624 1963 100000
2145 1205 100000
1099 642 100000
2312 1806 100000
138 1592 100000
1979 2069 100000
2228 632 100000
141 99 100000
34 1976 100000
954 974 100000
1313 1926 100000
350 655 100000
817 2155 100000
1374 252 100000
1303 1050 100000
1561 2085 100000
1506 1869 100000
2066 2477 100000
1967 575 100000
781 124 100000
291 1198 100000
1812 763 100000
2162 2240 100000
161 664 100000
1529 1327 100000
1691 1870 100000
535 1401 100000
1544 1545 100000
33 2294 100000
923 2094 100000
940 1652 100000
1670 2402 100000
1837 152 100000
2114 1298 100000
1860 53 100000
895 1007 100000
1904 90 100000
532 1414 100000
1959 318 100000
369 274 100000
1750 174 100000
1829 881 100000
738 2017 100000
628 1878 100000
1605 1053 100000
2236 1530 100000
2164 1123 100000
2479 467 100000
1308 531 100000
1703 1464 100000
578 1407 100000
1871 2481 100000
1164 462 100000
939 2263 100000
1401 2414 100000
1151 824 100000
2206 286 100000
2296 1899 100000
1565 442 100000
761 1290 100000
1983 4 100000
2452 1408 100000
504 1927 100000
1459 1391 100000
1436 1308 100000
2268 597 100000
2221 1127 100000
2419 1497 100000
2165 1263 100000
2110 627 100000
1924 1247 100000
122 1993 100000
23 36 100000
433 673 100000
2240 1321 100000
2161 681 100000
1548 1749 100000
1549 216 100000
1854 569 100000
353 16 100000
222 2358 100000
1479 1521 100000
492 1624 100000
540 686 100000
57 1760 100000
1188 1201 100000
1827 2182 100000
1251 887 100000
1635 662 100000
1998 153 100000
107 2449 100000
1389 447 100000
2410 497 100000
16 1070 100000
1820 2401 100000
1240 1481 100000
2423 1381 100000
248 2009 100000
48 464 100000
1912 1292 100000
464 1560 100000
949 1330 100000
1718 1073 100000
2044 385 100000
1115 1631 100000
1905 1223 100000
2053 1065 100000
2059 1397 100000
2100 886 100000
1144 554 100000
1749 1451 100000
596 1890 100000
2347 1328 100000
955 1468 100000
746 2482 100000
2064 262 100000
1329 2311 100000
1606 1088 100000
1046 416 100000
110 891 100000
684 169 100000
932 761 100000
1617 1492 100000
220 1886 100000
1852 2359 100000
2126 1909 100000
1632 2147 100000
1022 2277 100000
1416 1393 100000
1380 898 100000
2222 395 100000
92 2154 100000
1954 1667 100000
1408 1774 100000
2266 266 100000
619 2285 100000
176 383 100000
2075 2497 100000
1791 224 100000
663 1572 100000
294 573 100000
2088 1477 100000
2067 2217 100000
182 1012 100000
2485 1394 100000
150 1570 100000
2062 1812 100000
2256 1704 100000
1345 86 100000
28 1410 100000
620 1217 100000
413 465 100000
978 1490 100000
2259 2049 100000
1943 1661 100000
209 1387 100000
556 504 100000
1205 1091 100000
257 1550 100000
788 793 100000
1407 2083 100000
20 789 100000
1106 2008 100000
2273 148 100000
1695 344 100000
1881 2137 100000
977 2334 100000
1608 325 100000
2324 1564 100000
2101 1409 100000
1950 75 100000
1221 1499 100000
1694 1977 100000
21 1556 100000
779 646 100000
2117 1008 100000
95 1811 100000
2408 960 100000
393 371 100000
2050 249 100000
897 1981 100000
2233 616 100000
186 1663 100000
617 644 100000
500 2221 100000
202 2442 100000
521 1215 100000
797 2489 100000
548 1750 100000
1589 1342 100000
960 211 100000
1238 1654 100000
1761 849 100000
400 669 100000
544 1334 100000
741 1510 100000
2201 356 100000
901 1129 100000
2329 1783 100000
2457 1541 100000
1880 200 100000
2325 1511 100000
1253 2128 100000
878 313 100000
2124 707 100000
465 1433 100000
384 2348 100000
197 2030 100000
483 1533 100000
854 781 100000
1037 1805 100000
1567 2390 100000
154 2272 100000
862 702 100000
553 791 100000
1835 34 100000
458 485 100000
177 1367 100000
1673 76 100000
253 1265 100000
1081 2445 100000
1139 1702 100000
2093 1189 100000
2237 1337 100000
1079 1921 100000
2080 1042 100000
1613 1699 100000
408 608 100000
1002 149 100000
1245 397 100000
2417 676 100000
1162 2354 100000
254 281 100000
488 949 100000
1901 1072 100000
1438 2123 100000
420 1682 100000
2362 1472 100000
1247 1316 100000
776 1275 100000
670 1450 100000
1101 1984 100000
2376 1243 100000
2288 797 100000
55 1823 100000
1441 2428 100000
1588 1759 100000
1391 1844 100000
1016 595 100000
1343 1519 100000
1276 552 100000
481 652 100000
2125 2112 100000
588 834 100000
2365 413 100000
806 976 100000
1681 776 100000
321 2066 100000
610 1306 100000
2385 1132 100000
1903 1721 100000
2264 69 100000
1651 208 100000
2107 599 100000
505 829 100000
1568 305 100000
997 476 100000
1767 103 100000
2375 2001 100000
860 1057 100000
1201 2070 100000
2352 855 100000
513 2422 100000
1365 446 100000
271 1144 100000
2081 660 100000
2136 2022 100000
1692 1609 100000
1952 2238 100000
2370 619 100000
2039 296 100000
1733 1318 100000
914 1246 100000
1885 126 100000
2170 1969 100000
1075 79 100000
629 1015 100000
1731 1590 100000
82 1916 100000
1890 1779 100000
1925 786 100000
1604 1293 100000
1636 1067 100000
453 2071 100000
2019 876 100000
456 1195 100000
101 808 100000
100 1769 100000
1541 1373 100000
1123 981 100000
1111 1369 100000
775 503 100000
522 1589 100000
1456 2386 100000
1491 1300 100000
87 342 100000
2433 3 100000
158 986 100000
78 840 100000
285 1972 100000
787 868 100000
825 210 100000
1352 59 100000
2038 1728 100000
1546 1245 100000
1017 1196 100000
1738 2331 100000
599 1078 100000
570 2396 100000
295 534 100000
2105 835 100000
1171 1361 100000
608 1539 100000
1314 2191 100000
1892 1703 100000
1306 415 100000
1138 1848 100000
1359 825 100000
1756 1418 100000
1321 188 100000
1684 24 100000
19 544 100000
290 2152 100000
586 1808 100000
1701 2075 100000
1646 1746 100000
1553 1826 100000
542 2185 100000
219 1602 100000
1993 823 100000
2311 1377 100000
1204 940 100000
214 543 100000
638 1865 100000
2076 1557 100000
835 1846 100000
1134 1100 100000
2154 1581 100000
1010 678 100000
630 1752 100000
771 1582 100000
263 1723 100000
405 771 100000
1515 2253 100000
896 944 100000
2045 756 100000
2303 1339 100000
1783 161 100000
1907 2410 100000
1936 2376 100000
958 1261 100000
1265 1508 100000
1659 54 100000
1543 2171 100000
1688 934 100000
157 1375 100000
404 1520 100000
2382 1575 100000
2455 584 100000
1186 2385 100000
580 2241 100000
2317 158 100000
1042 2435 100000
1977 315 100000
947 533 100000
765 700 100000
1626 672 100000
1418 1676 100000
2428 1951 100000
61 173 100000
1068 1267 100000
407 159 100000
1165 474 100000
241 1573 100000
1723 1701 100000
1437 1770 100000
621 1585 100000
836 1213 100000
1780 1143 100000
1882 1193 100000
1053 952 100000
1510 1354 100000
317 1740 100000
1873 809 100000
601 1618 100000
823 1675 100000
372 1648 100000
1457 1907 100000
1472 2275 100000
2474 588 100000
446 964 100000
1966 856 100000
2298 926 100000
1779 2464 100000
587 574 100000
805 144 100000
2391 1872 100000
1102 1659 100000
750 979 100000
518 838 100000
1104 1670 100000
925 670 100000
1035 1607 100000
680 293 100000
1653 2469 100000
1087 1272 100000
2142 634 100000
1174 628 100000
360 2293 100000
65 2298 100000
913 754 100000
368 1888 100000
2006 1109 100000
287 1182 100000
246 270 100000
950 2032 100000
846 1717 100000
1585 1549 100000
2235 1745 100000
332 1322 100000
1523 418 100000
485 1174 100000
834 1527 100000
2108 2193 100000
2491 1234 100000
329 25 100000
2473 129 100000
2207 916 100000
52 2395 100000
1199 2104 100000
1964 1612 100000
852 2024 100000
2270 2391 100000
718 1669 100000
1513 1896 100000
2250 1871 100000
1713 637 100000
827 921 100000
1246 820 100000
2494 1469 100000
2360 1509 100000
1504 1816 100000
2078 1035 100000
1021 1122 100000
672 919 100000
866 431 100000
969 2441 100000
208 327 100000
469 2100 100000
758 1467 100000
2182 2090 100000
1295 1958 100000
660 2076 100000
1883 65 100000
714 278 100000
1319 783 100000
2137 1698 100000
1222 999 100000
1601 2307 100000
643 1220 100000
767 479 100000
167 463 100000
2083 2460 100000
1224 441 100000
89 117 100000
1597 1912 100000
2000 56 100000
641 55 100000
782 193 100000
392 701 100000
2178 1766 100000
1678 2431 100000
255 265 100000
2008 349 100000
1289 1009 100000
567 1238 100000
2091 1386 100000
2456 1898 100000
1158 1068 100000
565 1199 100000
1680 1434 100000
709 656 100000
879 450 100000
602 2339 100000
892 2399 100000
520 1832 100000
272 15 100000
164 1411 100000
745 1782 100000
884 1948 100000
603 920 100000
1091 570 100000
1786 1733 100000
627 2168 100000
1070 877 100000
795 17 100000
1056 1617 100000
312 381 100000
1384 1882 100000
656 1317 100000
2020 322 100000
2313 846 100000
97 326 100000
1280 107 100000
2271 95 100000
869 1359 100000
1066 1555 100000
2087 269 100000
2380 2301 100000
677 1002 100000
649 2074 100000
2040 2237 100000
1644 2432 100000
533 243 100000
1129 1297 100000
1347 1273 100000
2472 2424 100000
2437 1475 100000
1257 1046 100000
391 624 100000
2300 2208 100000
1624 2118 100000
69 241 100000
959 639 100000
2132 1965 100000
1336 1763 100000
2354 1432 100000
1036 1210 100000
493 1710 100000
1963 618 100000
2103 523 100000
1273 545 100000
2111 1207 100000
2150 1502 100000
1928 221 100000
2002 939 100000
1672 1192 100000
1226 1700 100000
2301 860 100000
2497 175 100000
1784 1983 100000
2149 403 100000
1406 720 100000
2158 2361 100000
1357 1071 100000
1737 1162 100000
2321 1077 100000
933 1674 100000
41 2088 100000
31 489 100000
1477 242 100000
1085 2492 100000
309 564 100000
159 290 100000
951 285 100000
798 2470 100000
135 337 100000
421 2062 100000
2439 2065 100000
1095 376 100000
1122 1892 100000
1299 2357 100000
1239 47 100000
1266 2440 100000
864 1191 100000
1872 1259 100000
898 749 100000
1269 239 100000
148 2474 100000
1206 1180 100000
694 713 100000
2169 2224 100000
137 716 100000
994 743 100000
1 1668 1
1706 2174 100000
838 359 100000
15 1090 100000
1043 1044 100000
900 505 100000
1013 843 100000
1168 1466 100000
538 487 100000
2003 2417 100000
1545 1440 100000
183 1474 100000
1167 194 100000
953 938 100000
1069 1385 100000
508 1425 100000
256 1086 100000
2230 962 100000
734 202 100000
659 2038 100000
1173 478 100000
2294 245 100000
1288 1208 100000
2431 1623 100000
851 1324 100000
1077 671 100000
2251 1005 100000
311 525 100000
1640 957 100000
1180 1735 100000
1212 2023 100000
2166 647 100000
1906 1522 100000
747 2266 100000
1994 2276 100000
2285 2101 100000
2096 2326 100000
1058 97 100000
2102 437 100000
1433 439 100000
103 517 100000
1501 1910 100000
418 1176 100000
1757 368 100000
1213 380 100000
1098 267 100000
749 282 100000
2355 844 100000
1580 1736 100000
1381 1548 100000
921 1209 100000
1292 63 100000
1207 1054 100000
224 971 100000
394 2229 100000
221 235 100000
1660 2091 100000
1019 346 100000
1131 1465 100000
1685 1224 100000
2469 1924 100000
826 422 100000
416 1941 100000
1018 578 100000
539 2302 100000
657 2116 100000
160 774 100000
2307 1694 100000
1518 954 100000
1270 392 100000
728 2315 100000
2049 355 100000
1507 1011 100000
719 539 100000
1595 39 100000
1493 361 100000
1394 498 100000
1500 948 100000
452 1952 100000
2195 514 100000
1910 806 100000
2216 1767 100000
472 81 100000
125 847 100000
1059 2344 100000
1385 1335 100000
77 331 100000
1745 2382 100000
1020 1791 100000
156 486 100000
1092 1390 100000
876 906 100000
50 638 100000
1400 2434 100000
136 694 100000
691 883 100000
2009 85 100000
785 945 100000
106 444 100000
1317 2256 100000
665 1644 100000
790 1488 100000
1824 704 100000
865 1601 100000
327 1504 100000
840 955 100000
1540 1800 100000
873 1059 100000
1512 1536 100000
184 2142 100000
1887 1251 100000
1195 276 100000
577 473 100000
476 1837 100000
123 195 100000
696 1879 100000
198 42 100000
1764 1019 100000
2422 491 100000
81 1430 100000
1944 1596 100000
703 1018 100000
1995 1436 100000
893 2332 100000
634 1642 100000
1752 1169 100000
2460 1023 100000
231 1686 100000
1953 732 100000
2037 590 100000
1307 541 100000
1739 2048 100000
1972 1824 100000
267 2222 100000
90 1190 100000
2361 2194 100000
1383 104 100000
245 352 100000
888 1258 100000
1947 738 100000
56 155 100000
517 1374 100000
274 1158 100000
2063 1124 100000
1108 587 100000
732 1938 100000
2320 1598 100000
75 2087 100000
2492 1253 100000
1154 443 100000
1029 766 100000
1942 2271 100000
2156 1954 100000
1803 1914 100000
1675 2145 100000
1625 2072 100000
374 1426 100000
1476 1875 100000
383 629 100000
225 1655 100000
632 1827 100000
705 822 100000
1125 1197 100000
12 2335 100000
4 271 100000
1609 508 100000
867 2018 100000
1284 2092 100000
2022 931 100000
2140 1626 100000
1571 457 100000
53 186 100000
1687 2458 100000
1844 1094 100000
1063 345 100000
1773 1348 100000
1425 1650 100000
1668 1668 2
1243 614 100000
306 1179 100000
1616 91 100000
320 993 100000
1148 1813 100000
801 64 100000
1209 410 100000
1248 369 100000
2295 867 100000
289 2236 100000
44 804 100000
813 826 100000
1379 2252 100000
2277 21 100000
662 105 100000
1893 1203 100000
1093 2457 100000
1439 2212 100000
1503 1506 100000
239 332 100000
1399 240 100000
516 1133 100000
2308 375 100000
104 1658 100000
1591 896 100000
2388 2304 100000
541 1990 100000
2011 2316 100000
1884 1574 100000
1423 2232 100000
2097 2079 100000
1594 2412 100000
573 1163 100000
597 630 100000
2316 529 100000
861 581 100000
2435 185 100000
831 1856 100000
1875 2299 100000
2262 451 100000
388 1908 100000
461 1403 100000
2229 961 100000
1038 1915 100000
2061 1538 100000
1789 2162 100000
1648 2418 100000
395 950 100000
1136 953 100000
566 2313 100000
187 1351 100000
503 674 100000
330 1627 100000
1728 2270 100000
146 1599 100000
1610 1148 100000
2028 2114 100000
883 1296 100000
1217 2005 100000
1431 52 100000
1851 1325 100000
575 1080 100000
1775 1708 100000
2489 2317 100000
163 836 100000
2282 601 100000
1643 471 100000
1386 1761 100000
1720 411 100000
1179 2368 100000
832 1788 100000
934 1684 100000
478 2333 100000
2386 2356 100000
1192 308 100000
875 2416 100000
151 1416 100000
1364 1030 100000
1769 726 100000
1274 1517 100000
386 1315 100000
2405 1608 100000
1341 1376 100000
552 312 100000
495 1707 100000
635 2125 100000
38 231 100000
1076 1066 100000
2336 1111 100000
1291 908 100000
371 229 100000
595 941 100000
1754 884 100000
1830 2054 100000
1450 992 100000
278 1685 100000
1702 625 100000
277 2186 100000
1322 2192 100000
1877 2233 100000
2377 1151 100000
1683 1777 100000
880 1284 100000
757 2455 100000
42 1130 100000
401 1666 100000
1717 1787 100000
502 2160 100000
2163 2490 100000
1338 1250 100000
2453 894 100000
185 1117 100000
1331 1061 100000
1922 1444 100000
1645 1690 100000
1486 2188 100000
170 2336 100000
754 495 100000
821 1033 100000
792 2198 100000
1598 2025 100000
1932 2320 100000
342 482 100000
2482 2223 100000
800 1673 100000
979 709 100000
1891 2438 100000
247 526 100000
2372 2196 100000
2427 677 100000
1582 2467 100000
2143 1047 100000
439 1461 100000
967 2493 100000
708 1166 100000
1244 1807 100000
611 319 100000
427 2462 100000
922 1368 100000
1202 1437 100000
2013 2093 100000
1716 553 100000
1895 1014 100000
1376 1971 100000
1960 1037 100000
564 135 100000
2341 519 100000
585 2325 100000
1655 1487 100000
195 304 100000
916 2158 100000
140 1027 100000
2358 1605 100000
1857 604 100000
1790 1780 100000
1879 1378 100000
948 2494 100000
13 1982 100000
2015 746 100000
2031 1447 100000
1361 943 100000
354 295 100000
2287 1834 100000
562 199 100000
130 2248 100000
1211 1603 100000
113 591 100000
2332 1939 100000
1086 140 100000
2238 773 100000
1821 2178 100000
280 1402 100000
2202 727 100000
1521 610 100000
370 1155 100000
324 1103 100000
1975 649 100000
1620 434 100000
2060 1738 100000
1915 1616 100000
249 699 100000
725 1880 100000
819 1937 100000
1913 880 100000
1220 196 100000
1449 2200 100000
1124 390 100000
2120 409 100000
1664 1175 100000
351 1794 100000
1072 353 100000
2052 665 100000
639 1810 100000
1007 1422 100000
1665 1950 100000
1974 275 100000
930 162 100000
276 1801 100000
417 2398 100000
2333 675 100000
1889 1973 100000
341 1140 100000
1462 2175 100000
119 1600 100000
1254 2161 100000
1452 1171 100000
1949 1116 100000
1140 93 100000
524 2013 100000
530 1843 100000
1047 2450 100000
1469 233 100000
1161 1336 100000
1782 777 100000
431 1184 100000
692 1471 100000
1215 2089 100000
303 633 100000
2181 1137 100000
1363 118 100000
2155 785 100000
1496 712 100000
1908 612 100000
2406 484 100000
1340 1476 100000
1917 966 100000
686 472 100000
1819 2459 100000
380 1949 100000
1859 2096 100000
1294 706 100000
1346 2190 100000
490 2484 100000
54 8 100000
889 1489 100000
1647 1294 100000
1781 2203 100000
956 1772 100000
1410 1552 100000
1193 2491 100000
2318 1445 100000
1061 1062 100000
968 1333 100000
262 728 100000
1732 739 100000
1516 772 100000
773 1134 100000
379 139 100000
1320 2021 100000
2260 2148 100000
1497 818 100000
753 1568 100000
334 291 100000
558 209 100000
1324 1236 100000
1387 1232 100000
2209 516 100000
346 317 100000
1055 1953 100000
1638 2120 100000
366 821 100000
1444 1277 100000
2047 1346 100000
1200 1320 100000
1461 2461 100000
1615 1524 100000
981 2292 100000
675 1532 100000
1980 2047 100000
907 372 100000
203 1518 100000
1822 1256 100000
348 1206 100000
1799 154 100000
2139 1470 100000
381 645 100000
2274 363 100000
1841 1731 100000
1241 2312 100000
2487 758 100000
1132 2268 100000
2443 1305 100000
121 857 100000
2112 310 100000
855 2437 100000
270 2136 100000
2414 1940 100000
2018 2020 100000
2056 592 100000
1316 2372 100000
1373 2055 100000
1271 141 100000
752 733 100000
196 1633 100000
2032 1645 100000
1997 432 100000
2177 878 100000
39 1863 100000
1465 1947 100000
1354 1095 100000
1973 1415 100000
406 180 100000
891 2134 100000
1194 1706 100000
212 932 100000
2263 2409 100000
1776 2225 100000
422 2042 100000
890 2289 100000
1301 2014 100000
340 1540 100000
2339 324 100000
356 1664 100000
625 114 100000
1570 951 100000
336 1495 100000
1103 391 100000
98 134 100000
1533 2362 100000
194 164 100000
1360 2406 100000
165 2327 100000
235 1364 100000
1771 1903 100000
2198 805 100000
2276 1102 100000
1006 2254 100000
911 1730 100000
1446 2073 100000
1135 261 100000
1796 549 100000
2449 1853 100000
870 2353 100000
349 2381 100000
2383 1588 100000
2159 113 100000
333 367 100000
2367 323 100000
871 2045 100000
1156 297 100000
2346 1849 100000
1067 2242 100000
1191 2499 100000
537 615 100000
412 982 100000
419 2408 100000
1234 2456 100000
631 995 100000
543 253 100000
1286 2369 100000
1485 1160 100000
2247 1435 100000
2297 1995 100000
2190 163 100000
304 1114 100000
173 13 100000
1576 2446 100000
1831 1295 100000
1661 2296 100000
1898 1756 100000
1432 350 100000
1806 424 100000
1870 909 100000
1792 73 100000
1990 928 100000
791 1043 100000
844 1187 100000
882 1485 100000
1210 1994 100000
211 2389 100000
365 2095 100000
2218 1420 100000
1105 234 100000
487 2115 100000
605 2249 100000
1634 2019 100000
519 722 100000
2305 1380 100000
252 2496 100000
1278 1606 100000
180 2283 100000
658 536 100000
36 1332 100000
1362 1058 100000
1542 558 100000
2461 1579 100000
1587 2370 100000
236 2176 100000
534 1454 100000
2488 958 100000
2335 27 100000
894 2243 100000
29 1739 100000
2454 1006 100000
512 850 100000
1798 1649 100000
2224 1269 100000
671 1164 100000
1113 1653 100000
523 963 100000
2071 1943 100000
510 1845 100000
702 1096 100000
1397 2371 100000
2337 956 100000
302 769 100000
2344 988 100000
1794 110 100000
701 1712 100000
2343 1154 100000
260 419 100000
1147 1423 100000
764 1974 100000
1185 213 100000
1836 848 100000
66 790 100000
1390 1262 100000
804 683 100000
2212 698 100000
2465 1877 100000
357 2488 100000
258 1741 100000
1526 1876 100000
175 788 100000
1050 2039 100000
2116 557 100000
237 316 100000
2402 2165 100000
132 2384 100000
1332 1181 100000
1411 1647 100000
2289 1821 100000
929 1563 100000
1146 918 100000
858 168 100000
2068 1996 100000
1375 2172 100000
471 393 100000
244 830 100000
1187 277 100000
1127 537 100000
991 2485 100000
91 62 100000
440 2164 100000
975 1819 100000
1478 2282 100000
450 1773 100000
1642 1101 100000
2315 697 100000
1467 998 100000
704 455 100000
942 1278 100000
1339 1906 100000
2211 1013 100000
215 1956 100000
1463 2487 100000
347 138 100000
2483 1789 100000
1808 251 100000
697 780 100000
1524 1237 100000
281 1455 100000
698 1835 100000
1705 1643 100000
1054 111 100000
1116 1997 100000
744 1056 100000
428 1718 100000
877 2046 100000
687 653 100000
1900 2338 100000
815 1379 100000
40 2166 100000
1404 810 100000
1668 2500 1
2366 96 100000
1736 426 100000
1988 1382 100000
1748 2478 100000
27 2117 100000
1566 2004 100000
2374 1785 100000
755 2119 100000
713 2202 100000
623 1161 100000
571 2033 100000
1600 1413 100000
618 1691 100000
612 223 100000
2048 2280 100000
735 377 100000
2328 1817 100000
1777 1291 100000
1846 1591 100000
2432 1017 100000
1298 1955 100000
1969 2340 100000
343 1074 100000
2306 273 100000
650 870 100000
2153 2466 100000
1166 1966 100000
2426 1142 100000
2415 123 100000
283 1635 100000
613 201 100000
80 2479 100000
1170 1905 100000
68 227 100000
688 858 100000
2484 795 100000
1602 263 100000
2357 1287 100000
1415 1041 100000
1142 2329 100000
648 1025 100000
1528 2290 100000
1287 436 100000
554 1583 100000
1318 2180 100000
1004 1792 100000
1920 1757 100000
1333 226 100000
8 1562 100000
1034 819 100000
1475 2421 100000
216 2107 100000
996 217 100000
1112 721 100000
1676 283 100000
230 2151 100000
166 1004 100000
546 1998 100000
1722 1312 100000
479 2080 100000
2413 1083 100000
139 980 100000
200 989 100000
739 2260 100000
1909 228 100000
872 861 100000
1763 2028 100000
1249 78 100000
1 987 100000
2175 88 100000
475 32 100000
2192 869 100000
1160 1076 100000
2396 1089 100000
2436 2247 100000
1096 143 100000
498 1656 100000
467 43 100000
2197 1216 100000
651 2251 100000
425 1529 100000
828 475 100000
1492 1542 100000
2210 1884 100000
733 1156 100000
1117 1985 100000
769 658 100000
387 650 100000
993 765 100000
2331 911 100000
1741 2394 100000
1008 1388 100000
153 2026 100000
2187 1553 100000
912 2463 100000
9 2010 100000
661 1227 100000
783 483 100000
2241 2135 100000
717 1613 100000
915 1010 100000
1396 362 100000
426 133 100000
1816 132 100000
583 2181 100000
1629 666 100000
1700 404 100000
1593 853 100000
17 1453 100000
2194 1412 100000
1190 2103 100000
2095 167 100000
1758 5 100000
251 695 100000
49 1786 100000
1421 547 100000
802 972 100000
1849 1628 100000
2310 1480 100000
1667 364 100000
11 454 100000
600 568 100000
217 2322 100000
2232 2082 100000
1208 705 100000
1810 2257 100000
1225 842 100000
1258 2267 100000
1014 2124 100000
1065 1131 100000
1487 1218 100000
2265 247 100000
2445 2305 100000
2016 2318 100000
2193 509 100000
2035 1082 100000
1832 2220 100000
789 1244 100000
477 1597 100000
307 289 100000
1698 1443 100000
25 831 100000
2144 2002 100000
2094 538 100000
1986 2053 100000
999 2226 100000
1742 2310 100000
1740 929 100000
466 1732 100000
1311 1637 100000
5 2113 100000
2058 1640 100000
2129 510 100000
448 1302 100000
484 1889 100000
584 2000 100000
2279 1507 100000
43 1957 100000
2121 807 100000
62 184 100000
1614 935 100000
301 1986 100000
1671 1610 100000
1843 1765 100000
2384 540 100000
174 626 100000
1041 784 100000
555 2122 100000
1530 1457 100000
35 2027 100000
1302 1371 100000
943 2426 100000
1527 792 100000
1511 1946 100000
1766 2111 100000
1229 636 100000
1927 237 100000
1517 814 100000
931 1135 100000
1277 583 100000
155 890 100000
1886 1839 100000
1532 259 100000
1262 1399 100000
2409 518 100000
853 1535 100000
2258 428 100000
1923 461 100000
2007 453 100000
120 2239 100000
1344 914 100000
937 679 100000
1080 1852 100000
2017 481 100000
382 2199 100000
445 1458 100000
2255 1264 100000
189 730 100000
2411 1276 100000
2309 1534 100000
1989 1483 100000
655 309 100000
1498 203 100000
1430 1632 100000
2430 1525 100000
1285 2364 100000
111 747 100000
1155 2007 100000
1126 347 100000
622 1494 100000
1573 902 100000
1044 1840 100000
411 2206 100000
1118 923 100000
2322 1459 100000
1419 9 100000
1203 1929 100000
2090 2215 100000
1520 214 100000
1403 181 100000
646 2420 100000
2042 125 100000
1216 737 100000
409 386 100000
266 1069 100000
1760 1577 100000
579 1975 100000
946 423 100000
1699 72 100000
1367 1212 100000
1031 1569 100000
1719 1665 100000
1305 635 100000
2104 1055 100000
497 1861 100000
1596 1286 100000
678 542 100000
528 1428 100000
328 755 100000
442 1797 100000
2029 1149 100000
683 1820 100000
1902 1818 100000
1833 1441 100000
1727 2379 100000
32 2324 100000
293 912 100000
2196 904 100000
1412 1693 100000
2027 1183 100000
2459 204 100000
1508 49 100000
1236 1967 100000
1366 1771 100000
859 121 100000
695 760 100000
1290 2227 100000
644 2415 100000
581 2209 100000
480 1303 100000
777 1398 100000
1424 1319 100000
1929 661 100000
1712 1225 100000
1052 690 100000
962 298 100000
982 609 100000
1370 1885 100000
2184 1567 100000
1563 374 100000
339 207 100000
1505 2170 100000
572 2067 100000
454 2365 100000
770 2287 100000
1219 813 100000
2450 2284 100000
1455 2058 100000
582 851 100000
143 1242 100000
470 2132 100000
944 429 100000
72 280 100000
1011 61 100000
2186 2419 100000
1637 1936 100000
1726 417 100000
2242 2452 100000
740 1431 100000
299 532 100000
1584 742 100000
633 1620 100000
2446 2288 100000
1242 490 100000
2292 2201 100000
323 378 100000
2051 862 100000
288 389 100000
314 2352 100000
2160 866 100000
114 1755 100000
74 603 100000
2128 1671 100000
147 983 100000
1862 2498 100000
133 343 100000
730 1110 100000
759 648 100000
1259 1775 100000
2338 2245 100000
885 968 100000
2280 1625 100000
2115 1384 100000
2123 2214 100000
2219 2383 100000
207 1646 100000
1323 1186 100000
367 1677 100000
786 2430 100000
37 178 100000
1755 1621 100000
756 1742 100000
2495 930 100000
731 882 100000
1488 71 100000
2330 2179 100000
1227 187 100000
2113 1360 100000
676 1887 100000
1845 18 100000
824 667 100000
2179 1228 100000
468 572 100000
1970 1268 100000
298 330 100000
1628 335 100000
1633 762 100000
2478 892 100000
1312 2374 100000
2046 748 100000
2141 218 100000
397 577 100000
1743 172 100000
987 488 100000
2291 2149 100000
436 1326 100000
86 215 100000
589 659 100000
547 2068 100000
1627 559 100000
434 440 100000
292 1486 100000
666 651 100000
168 1917 100000
2203 965 100000
1619 1038 100000
1130 1098 100000
2147 1934 100000
171 2345 100000
242 287 100000
2220 1482 100000
227 800 100000
1622 2486 100000
2189 1141 100000
1045 1400 100000
988 456 100000
1938 449 100000
1214 922 100000
699 1697 100000
1826 20 100000
1157 92 100000
2225 1021 100000
2434 1081 100000
463 329 100000
1759 779 100000
1583 1790 100000
908 398 100000
2283 2141 100000
1948 1705 100000
2231 120 100000
2036 796 100000
1538 2231 100000
2099 400 100000
1911 384 100000
742 340 100000
1304 1108 100000
1395 1003 100000
1774 530 100000
2185 2246 100000
273 1558 100000
980 1146 100000
2398 668 100000
1326 778 100000
1531 1724 100000
402 2216 100000
816 1720 100000
1484 2205 100000
961 913 100000
1866 978 100000
2134 750 100000
2204 917 100000
796 433 100000
2030 1358 100000
1930 396 100000
1957 1106 100000
811 1922 100000
984 1438 100000
561 1854 100000
1377 2278 100000
2131 2173 100000
14 1092 100000
2429 512 100000
432 1968 100000
192 596 100000
1368 1964 100000
1581 68 100000
1189 1657 100000
93 130 100000
576 222 100000
536 576 100000
1163 1566 100000
1382 2453 100000
1621 1049 100000
1090 2429 100000
1121 1688 100000
966 689 100000
94 2314 100000
529 1559 100000
1337 1828 100000
2404 279 100000
1178 191 100000
1413 1867 100000
45 631 100000
1818 382 100000
2 622 100000
1555 852 100000
1153 100 100000
810 1478 100000
1490 1230 100000
1641 425 100000
2299 1366 100000
105 48 100000
206 11 100000
1100 2110 100000
399 236 100000
2350 1751 100000
1861 2439 100000
2302 2060 100000
2257 2343 100000
1867 1836 100000
706 2 100000
443 1614 100000
784 2140 100000
2387 2337 100000
71 405 100000
2477 182 100000
129 1711 100000
1574 33 100000
2070 1873 100000
971 333 100000
1051 975 100000
2340 1119 100000
376 156 100000
593 2207 100000
574 7 100000
474 10 100000
1696 112 100000
910 116 100000
2389 1944 100000
1071 1456 100000
1028 586 100000
1027 2468 100000
1918 2029 100000
1232 729 100000
2057 1093 100000
1939 2255 100000
591 2319 100000
2275 997 100000
1293 1419 100000
1709 1851 100000
1735 1629 100000
1937 1961 100000
707 1396 100000
1639 745 100000
1961 1576 100000
1921 1580 100000
1965 192 100000
364 1726 100000
1682 2230 100000
2378 2472 100000
1828 768 100000
2447 501 100000
615 1894 100000
1535 1895 100000
926 1695 100000
423 248 100000
305 522 100000
689 1200 100000
1557 753 100000
2244 2427 100000
1730 1352 100000
2421 1615 100000
941 2177 100000
2234 137 100000
228 2051 100000
794 1235 100000
1623 718 100000
1940 640 100000
990 1301 100000
1141 80 100000
1982 1026 100000
24 256 100000
109 2342 100000
2024 370 100000
1666 1313 100000
837 833 100000
6 1838 100000
886 759 100000
1039 1024 100000
1049 2133 100000
1607 1145 100000
296 1503 100000
282 1662 100000
685 571 100000
2253 996 100000
1177 29 100000
1899 1883 100000
1330 142 100000
2077 708 100000
778 2126 100000
2395 2036 100000
2043 1185 100000
614 1233 100000
973 1231 100000
108 1034 100000
807 1547 100000
716 45 100000
1089 77 100000
1300 2306 100000
1426 837 100000
1514 1350 100000
1358 2264 100000
1489 2393 100000
1704 1551 100000
1801 527 100000
2214 294 100000
1183 1136 100000
1711 1891 100000
355 1980 100000
1460 1595 100000
1556 1776 100000
904 600 100000
1335 1874 100000
1999 1565 100000
2041 812 100000
1876 1097 100000
2342 2059 100000
1143 889 100000
2463 563 100000
847 688 100000
181 1460 100000
1559 901 100000
310 1858 100000
768 865 100000
2462 1248 100000
1009 264 100000
626 82 100000
1823 1831 100000
1110 496 100000
668 399 100000
1223 680 100000
26 2016 100000
857 910 100000
1689 2250 100000
881 947 100000
842 719 100000
84 2034 100000
1398 1935 100000
829 959 100000
2397 566 100000
762 2210 100000
447 272 100000
2284 373 100000
1976 1075 100000
1026 60 100000
2496 2098 100000
2349 1537 100000
972 2127 100000
1182 1307 100000
506 1897 100000
818 1022 100000
2025 1064 100000
674 1279 100000
812 37 100000
2440 687 100000
1218 985 100000
1464 1147 100000
2098 1988 100000
2199 594 100000
1793 1274 100000
843 731 100000
1697 1473 100000
2407 1362 100000
1309 306 100000
1094 991 100000
1914 936 100000
2122 2404 100000
645 811 100000
7 973 100000
2481 1841 100000
501 1764 100000
1405 2375 100000
1448 1795 100000
234 2183 100000
1482 1345 100000
2082 1864 100000
849 1120 100000
637 1260 100000
60 1107 100000
1853 1729 100000
560 1329 100000
2334 620 100000
1119 480 100000
201 1881 100000
903 351 100000
1674 969 100000
1762 1493 100000
1603 1177 100000
193 714 100000
489 1289 100000
1097 268 100000
2286 1344 100000
118 50 100000
1032 905 100000
902 2309 100000
1575 1125 100000
1707 1028 100000
2363 1987 100000
2425 51 100000
906 994 100000
2351 2157 100000
265 2373 100000
1811 131 100000
2023 515 100000
2323 1901 100000
568 1240 100000
1652 452 100000
441 696 100000
378 98 100000
2183 799 100000
63 170 100000
1327 41 100000
1558 1962 100000
814 1636 100000
389 1505 100000
845 420 100000
2085 2341 100000
957 2297 100000
112 1919 100000
1001 550 100000
67 1531 100000
1474 2425 100000
690 1641 100000
1033 2077 100000
1564 1331 100000
1919 402 100000
850 1115 100000
1083 907 100000
1237 2303 100000
748 220 100000
482 1799 100000
938 1310 100000
232 1498 100000
927 1439 100000
2304 506 100000
2490 1928 100000
682 740 100000
319 66 100000
2254 657 100000
654 58 100000
1264 1743 100000
720 171 100000
1734 1523 100000
2133 176 100000
647 1586 100000
1082 2234 100000
963 1165 100000
2394 1051 100000
2476 1060 100000
1878 1931 100000
1978 1491 100000
1536 1815 100000
511 288 100000
1968 1748 100000
525 1405 100000
58 1713 100000
1958 2295 100000
2464 1860 100000
51 26 100000
868 937 100000
1941 561 100000
905 1526 100000
642 2262 100000
1255 1744 100000
1495 35 100000
1848 1722 100000
2293 2403 100000
592 1862 100000
233 1266 100000
1060 2413 100000
1656 1340 100000
1551 1040 100000
76 1544 100000
1453 2360 100000
820 2471 100000
152 1683 100000
361 927 100000
2278 1923 100000
1334 339 100000
1746 1784 100000
935 2006 100000
126 1254 100000
1768 84 100000
2010 2187 100000
315 1255 100000
737 1159 100000
1996 1768 100000
1992 109 100000
1858 1512 100000
1268 1904 100000
199 2300 100000
131 1463 100000
226 89 100000
2392 448 100000
2381 1222 100000
117 394 100000
451 723 100000
1658 617 100000
760 1214 100000
2213 1942 100000
338 2131 100000
2486 623 100000
1809 468 100000
300 1363 100000
1371 589 100000
59 106 100000
1550 146 100000
531 2109 100000
444 1016 100000
2420 2037 100000
1934 1893 100000
2173 1204 100000
1814 2035 100000
863 2321 100000
2243 2443 100000
1435 2011 100000
1494 1866 100000
1445 2388 100000
604 1681 100000
2065 682 100000
85 643 100000
1825 693 100000
1751 893 100000
822 744 100000
2014 1638 100000
1599 1084 100000
1107 2139 100000
279 1167 100000
308 511 100000
1552 1036 100000
2441 1913 100000
2215 1672 100000
774 14 100000
2021 2495 100000
965 1365 100000
766 1020 100000
563 2102 100000
2319 412 100000
936 621 100000
1815 348 100000
2281 946 100000
2174 1678 100000
594 2084 100000
2152 2444 100000
1865 500 100000
1785 1417 100000
700 2129 100000
2005 2153 100000
162 734 100000
2475 1991 100000
2248 845 100000
976 438 100000
462 1039 100000
2416 145 100000
1074 2078 100000
1342 2350 100000
1534 735 100000
1078 1727 100000
995 246 100000
1434 401 100000
2034 1680 100000
2191 2130 100000
1662 802 100000
856 302 100000
729 611 100000
2069 741 100000
1172 1500 100000
2393 1825 100000
240 1449 100000
172 1611 100000
2403 1979 100000
2252 2433 100000
344 1153 100000
1272 1660 100000
1261 219 100000
2448 388 100000
79 101 100000
1772 2031 100000
2468 205 100000
1230 311 100000
2119 924 100000
2466 1226 100000
743 752 100000
486 767 100000
673 1651 100000
1159 2473 100000
1842 703 100000
545 2184 100000
142 1619 100000
715 2050 100000
887 794 100000
218 507 100000
808 2378 100000
2106 1830 100000
919 1822 100000
2418 874 100000
1267 2105 100000
1393 2138 100000
1714 1099 100000
1176 1188 100000
1114 459 100000
970 1604 100000
2168 2106 100000
724 520 100000
1443 254 100000
598 1299 100000
1447 1571 100000
1429 303 100000
1631 2041 100000
1770 2281 100000
1657 1045 100000
1420 692 100000
1175 358 100000
2480 710 100000
992 189 100000
1721 1857 100000
974 555 100000
945 421 100000
1109 528 100000
1971 1462 100000
352 854 100000
726 2108 100000
2092 967 100000
616 119 100000
